- position_x: 10.687911033630371
  position_y: 5.4557137489318848
  position_z: 0
  orientation_x: 0
  orientation_y: 0
  orientation_z: -0.6956141866906187
  orientation_w: 0.71841555055187178
- position_x: -0.2828974723815918
  position_y: 2.1088931560516357
  position_z: 0
  orientation_x: 0
  orientation_y: 0
  orientation_z: 0.71156760409410669
  orientation_w: 0.70261763769761199